5483143223
2745854711
5264556173
6141336146
6357385478
4167524645
2176841721
6882881134
4846848554
5283751526

After step :
6594254334
3856965822
6375667284
7252447257
7468496589
5278635756
3287952832
7993992245
5957959665
6394862637

After step :
8938798655
5203521365
8843556048
8610336132
8826385475
6636513420
6855829376
0472868666
9515723886
8739406948

After step :
0060919866
8535843476
9954667159
9721447243
9937496586
7747635742
7966952829
2683992231
1747948451
0960529292

After step :
2273141987
1868076698
4387888270
5385769365
5602938897
3535390984
2655717141
7362868663
5315612883
3306073513

After step :
4616576431
3214632473
6854667156
6621447240
6837496572
4647635628
3766951583
8473991994
6426735095
4417185734

After step :
5727687542
4325743584
7965778267
7732669351
7948607794
5759967850
4879285926
9587335528
7539181547
5529418157

After step :
6851130763
7782529995
1433653588
3521445993
3737495337
0447635603
9546951569
1951990859
9883524958
6651750278

After step :
7962254196
8893643459
2544778242
4632669337
4848607769
2659967836
1779285912
6486214425
4326958424
0094862621

After step :
1406575318
2338087781
5979232585
6867235990
7195295334
6126635600
4246940466
8841879846
5672290545
1218295832

After step :
2528909850
4681421235
8334778239
9322669323
9538607766
7349967711
5359285787
9954214178
6784747077
2329519154

After step :
3752141971
6906086557
0669232560
2657235865
1773295198
9695535475
8814940341
3531879843
0250180420
5773861497
